Basement Map, Random Sampling
Method           Mean     Median        IQR    IQR/Mean    Speedup    Construction Time     Memory
--------  -----------  ---------  ---------  ----------  ---------  -------------------  ---------
Trial 1
bl        9.70158e-07  1.056e-06  1.084e-06    1.11734     1                 0.00586057    1.37329
rm        2.23388e-07  1.74e-07   1.75e-07     0.783391    4.34293           0.167255      5.49316
cddt      1.51704e-07  1.45e-07   8.7e-08      0.573487    6.39509           0.0679366     6.34426
pcddt     1.40396e-07  1.33e-07   6.9e-08      0.491467    6.91016           2.28371       4.06959
glt       1.89137e-07  1.7e-07    2e-08        0.105743    5.12939          14.8581      296.631

Trial 2
bl        9.66284e-07  1.047e-06  1.084e-06    1.12182     1                 0.00608903    1.37329
rm        2.1208e-07   1.68e-07   1.64e-07     0.773293    4.55623           0.165902      5.49316
cddt      1.57522e-07  1.49e-07   9.1e-08      0.577696    6.13427           0.069424      6.34426
pcddt     1.41402e-07  1.32e-07   6.5e-08      0.459681    6.83357           2.20661       4.06959
glt       1.89295e-07  1.7e-07    2.1e-08      0.110938    5.10464          14.9089      296.631

Trial 3
bl        9.68391e-07  1.055e-06  1.081e-06    1.11628     1                 0.00588514    1.37329
rm        2.09083e-07  1.67e-07   1.6e-07      0.765247    4.63162           0.166398      5.49316
cddt      1.59373e-07  1.5e-07    9.1e-08      0.570989    6.07627           0.0683541     6.34426
pcddt     1.4548e-07   1.39e-07   8.4e-08      0.5774      6.65653           2.69996       4.06959
glt       1.89176e-07  1.7e-07    2.1e-08      0.111008    5.11899          15.0087      296.631


Basement Map, Grid Sampling
Method           Mean    Median       IQR    IQR/Mean    Speedup    Construction Time     Memory
--------  -----------  --------  --------  ----------  ---------  -------------------  ---------
Trial 1
bl        8.28072e-07  9.23e-07  9.53e-07    1.15087     1                 0.00583381    1.37329
rm        1.54871e-07  1.2e-07   1.23e-07    0.79421     5.34686           0.164506      5.49316
cddt      7.66762e-08  7.2e-08   1.6e-08     0.20867    10.7996            0.0671663     6.34426
pcddt     7.34797e-08  7e-08     1.4e-08     0.190529   11.2694            2.2041        4.06959
glt       5.6961e-08   4.2e-08   1e-08       0.175559   14.5375           15.3242      296.631

Trial 2
bl        8.29159e-07  9.24e-07  9.53e-07    1.14936     1                 0.00596911    1.37329
rm        1.65261e-07  1.26e-07  1.34e-07    0.810838    5.01727           0.168557      5.49316
cddt      7.6928e-08   7.2e-08   1.6e-08     0.207987   10.7784            0.067404      6.34426
pcddt     7.31849e-08  7e-08     1.4e-08     0.191296   11.3297            2.20284       4.06959
glt       6.13009e-08  4.3e-08   4.6e-08     0.750397   13.5261           14.8701      296.631

Trial 3
bl        8.2765e-07   9.24e-07  9.53e-07    1.15145     1                 0.00597989    1.37329
rm        1.51419e-07  1.18e-07  1.19e-07    0.785898    5.46595           0.164107      5.49316
cddt      7.70602e-08  7.2e-08   1.7e-08     0.220607   10.7403            0.0671866     6.34426
pcddt     7.3526e-08   7e-08     1.4e-08     0.190409   11.2566            2.20294       4.06959
glt       6.53753e-08  4.3e-08   4.8e-08     0.734222   12.66             14.8411      296.631


Basement Map, Particle Filter
Method           Mean    Median       IQR    IQR/Mean    Speedup  Construction Time    Memory
--------  -----------  --------  --------  ----------  ---------  -------------------  --------
Trial 1
bl        3.86045e-07  2.65e-07  2.27e-07   0.588015     1
rm        1.56537e-07  1.18e-07  9.4e-08    0.600496     2.46615
cddt      7.72926e-08  7.7e-08   5.7e-08    0.737458     4.99459
pcddt     7.09434e-08  7.3e-08   5.4e-08    0.76117      5.44159
glt       4.35649e-08  4.1e-08   4e-09      0.091817     8.86137

Trial 2
bl        3.88813e-07  2.67e-07  2.31e-07   0.594115     1
rm        1.56424e-07  1.18e-07  9.4e-08    0.600932     2.48564
cddt      7.6727e-08   7.8e-08   5.7e-08    0.742894     5.06749
pcddt     7.21596e-08  7.4e-08   5.4e-08    0.748341     5.38824
glt       4.34623e-08  4.1e-08   5e-09      0.115042     8.946

Trial 3
bl        3.8661e-07   2.66e-07  2.27e-07   0.587156     1
rm        1.5728e-07   1.18e-07  9.3e-08    0.5913       2.45809
cddt      7.60645e-08  7.7e-08   5.7e-08    0.749364     5.08266
pcddt     7.07974e-08  7.2e-08   5.4e-08    0.76274      5.46079
glt       4.36379e-08  4.2e-08   4e-09      0.0916635    8.8595


Synthetic Map, Random Sampling
Method           Mean     Median       IQR    IQR/Mean    Speedup    Construction Time     Memory
--------  -----------  ---------  --------  ----------  ---------  -------------------  ---------
Trial 1
bl        1.19485e-06  1.412e-06  7.74e-07   0.647781     1                 0.00406052    1
rm        1.62744e-07  1.32e-07   1.11e-07   0.682054     7.3419            0.134602      4
cddt      1.35691e-07  1.32e-07   6.3e-08    0.464289     8.80563           0.0306104     2.70969
pcddt     1.08339e-07  9.5e-08    3.2e-08    0.295369    11.0288            0.751525      1.65944
glt       1.8931e-07   1.69e-07   4.7e-08    0.24827      6.31159           9.09304     216

Trial 2
bl        1.19188e-06  1.411e-06  7.69e-07   0.6452       1                 0.00410243    1
rm        1.97636e-07  1.64e-07   1.44e-07   0.728614     6.03069           0.141536      4
cddt      1.42602e-07  1.37e-07   7.5e-08    0.525938     8.35805           0.0304943     2.70969
pcddt     1.33399e-07  1.31e-07   5.8e-08    0.434785     8.93466           0.742377      1.65944
glt       1.82245e-07  1.68e-07   1.4e-08    0.0768196    6.53998           9.10756     216

Trial 3
bl        1.1934e-06   1.414e-06  7.71e-07   0.646053     1                 0.00398504    1
rm        1.52774e-07  1.25e-07   1.05e-07   0.68729      7.81154           0.133684      4
cddt      1.24393e-07  1.05e-07   5.3e-08    0.42607      9.59382           0.0305418     2.70969
pcddt     1.19161e-07  1.01e-07   5e-08      0.419602    10.015             0.745611      1.65944
glt       1.82303e-07  1.68e-07   1.4e-08    0.0767951    6.54623           9.05802     216


Synthetic Map, Grid Sampling
Method           Mean     Median       IQR    IQR/Mean    Speedup    Construction Time     Memory
--------  -----------  ---------  --------  ----------  ---------  -------------------  ---------
Trial 1
bl        1.02887e-06  1.199e-06  6.8e-07     0.66092     1                 0.00410523    1
rm        1.18113e-07  9.7e-08    9.4e-08     0.795851    8.71092           0.138111      4
cddt      7.33742e-08  7.1e-08    9e-09       0.122659   14.0222            0.0311925     2.70969
pcddt     7.23945e-08  7.1e-08    9e-09       0.124319   14.212             0.747958      1.65944
glt       5.05647e-08  4.2e-08    6e-09       0.11866    20.3476            9.15381     216

Trial 2
bl        1.02701e-06  1.197e-06  6.79e-07    0.661145    1                 0.00404774    1
rm        1.27351e-07  1.03e-07   1.06e-07    0.832345    8.06437           0.139183      4
cddt      7.02141e-08  6.8e-08    1e-08       0.142422   14.6268            0.0309463     2.70969
pcddt     6.94089e-08  6.8e-08    9e-09       0.129666   14.7965            0.74827       1.65944
glt       6.33435e-08  4.2e-08    4.6e-08     0.726199   16.2133            9.02664     216

Trial 3
bl        1.03046e-06  1.2e-06    6.79e-07    0.658931    1                 0.00439988    1
rm        1.19143e-07  9.8e-08    9.5e-08     0.797364    8.64894           0.134684      4
cddt      7.02759e-08  6.8e-08    1e-08       0.142296   14.663             0.0308356     2.70969
pcddt     6.88768e-08  6.8e-08    9e-09       0.130668   14.9609            0.746053      1.65944
glt       6.20325e-08  4.2e-08    1.9e-08     0.306291   16.6116            9.0836      216


formatted:

Basement Map, Random Sampling Benchmark
bl        9.66e-07  1.05e-06   1.08e-06     1.12     1 
rm        2.12e-07  1.68e-07   1.64e-07     0.77    4.56
cddt      1.58e-07  1.49e-07   9.1e-08      0.58    6.13
pcddt     1.41e-07  1.32e-07   6.5e-08      0.46    6.83
glt       1.89e-07  1.7e-07    2.1e-08      0.11    5.10 

Basement Map, Grid Sampling Benchmark
bl        8.29e-07  9.24e-07  9.53e-07    1.15     1      
rm        1.65e-07  1.26e-07  1.34e-07    0.81    5.02
cddt      7.69e-08  7.2e-08   1.6e-08     0.21   10.78
pcddt     7.32e-08  7e-08     1.4e-08     0.19   11.33
glt       6.13e-08  4.3e-08   4.6e-08     0.75   13.53

Basement Map, Particle Filter Benchmark
bl        3.89e-07  2.67e-07  2.31e-07   0.59     1
rm        1.56e-07  1.18e-07  9.4e-08    0.60     2.49
cddt      7.67e-08  7.8e-08   5.7e-08    0.74     5.07
pcddt     7.22e-08  7.4e-08   5.4e-08    0.75     5.39
glt       4.35e-08  4.1e-08   5e-09      0.12     8.94

Synthetic Map, Random Sampling Benchmark
bl        1.19e-06  1.41e-06   7.71e-07   0.65      1      
rm        1.52e-07  1.25e-07   1.05e-07   0.69      7.81
cddt      1.24e-07  1.05e-07   5.3e-08    0.43      9.59
pcddt     1.19e-07  1.01e-07   5e-08      0.42      10.02  
glt       1.82e-07  1.68e-07   1.4e-08    0.077     6.55

Synthetic Map, Grid Sampling Benchmark
bl        1.03e-06  1.20e-06   6.79e-07    0.66    1      
rm        1.27e-07  1.03e-07   1.06e-07    0.83    8.06
cddt      7.02e-08  6.8e-08    1e-08       0.14   14.63 
pcddt     6.94e-08  6.8e-08    9e-09       0.13   14.80
glt       6.33e-08  4.2e-08    4.6e-08     0.73   16.21 